30
8711
7607
3520
7760
3258
15076
5897
13863
10172
2409
14204
12521
8900
6021
3107
31
12094
7906
7756
1290
4592
14227
4736
11187
6599
7100
9633
7070
5566
11726
8737
27
1006
4972
5983
2617
5041
5870
15644
11863
13551
8576
3355
16217
3723
16359
15575
10613
5608
992
8542
11945
8597
13349
10059
9929
12567
7438
10466
9529
981
13265
3140
1588
14623
7782
13265
1478
4951
4617
10909
8798
6209
6749
5899
11512
10343
15147
7558
2298
1957
16069
15710
15775
12499
8970
4543
6920
11920
14087
205
5364
4907
6967
732
5390
2477
13927
3019
9950
6658
4409
128
16221
6726
10819
639
553
10028
13524
15268
1618
7561
5204
13311
15568
12031
1606
7119
14994
3013
3307
5015
2100
15252
3205
7260
14669
8108
11573
14849
11618
14340
13185
12729
15483
9617
8567
11947
12625
941
4712
13988
4897
4776
9041
14582
8481
3437
6620
8558
397
9290
7166
14707
1629
14051
10814
314
2453
1840
11922
2854
824
16306
4582
828
6875
1717
10811
11460
5843
14527
13160
16380
11019
1047
9345
12790
2421
16240
5073
4242
13851
13748
15237
15510
209
237
4327
11241
9866
11854
68
15854
15428
1376
16236
3070
9633
11337
2261
16382
14612
822
12635
6943
5044
12521
10918
14004
16049
14941
9256
10542
10337
8086
7363
6451
4854
6022
5892
10461
15055
9497
526
782
5737
8034
2326
13553
12784
9950
7047
7564
2166
8678
8131
7553
7360
14898
8838
4324
13240
13704
13543
15669
12931
9092
2811
15743
560
14977
3352
5770
15114
7590
11700
15674
14731
9739
13801
14602
7918
10506
6807
11427
8032
5538
3109
11926
8146
8967
4835
15416
1390
10821
10767
12445
14501
9491
11123
2477
15842
11188
15785
9572
9693
11271
5883
293
14223
13232
1769
9533
5565
1888
6216
1654
563
8512
15876
2002
144
4218
7299
9831
15032
5096
8615
14681
10475
10709
15726
4082
8048
12017
11576
6110
1006
1618
11173
5508
3160
9381
14105
6271
2435
14452
222
13882
8021
2450
14053
13481
11420
2465
14889
12067
1146
12228
13233
8029
15225
6496
6705
5250
10815
2573
6732
622
10207
1178
13176
13066
7626
5950
15230
962
14178
5339
6814
14626
3882
5484
12876
4751
7068
14224
154
10272
15766
15662
12850
15517
12914
15688
13566
3472
2994
1243
15719
2951
11862
8436
4151
1132
15306
11215
796
10747
9855
5928
1482
15971
5141
3492
9661
4344
3890
9561
7832
5395
10994
15738
10541
15629
6652
287
6939
9040
6958
10545
2318
11165
15861
14195
15782
9821
8251
1195
14070
8223
10238
7151
15528
10032
6778
15629
187
12632
4867
18
7401
11184
15218
13308
7847
7841
2105
12923
13258
12280
6678
737
10692
11556
1889
1579
4489
10130
12034
1575
14865
3360
5891
8645
4987
1726
14526
12410
11466
1827
15539
5838
7759
5034
2041
9735
4772
12620
7503
239
81
16313
13262
8128
1550
11409
1342
11568
15268
2239
13826
5783
10609
10740
6322
2364
14471
8768
12100
14016
3440
14285
11238
6818
8080
9910
4971
6897
16168
5892
864
15887
7155
4297
15803
4002
15984
6230
15408
11927
1468
15510
11552
7759
7193
397
7214
5355
13328
12523
10352
8370
47
15050
2624
7841
14191
12423
2733
7180
6198
957
11921
7536
15348
4956
14144
9307
11629
12520
15066
11890
5011
10190
13887
1954
8974
12513
6813
10595
10330
7155
14503
294
7307
6542
2916
6111
5808
11986
1186
13484
3026
15721
7430
13477
12185
10661
2498
12734
10122
2235
6626
13016
8943
8473
7491
16101
2388
9954
5922
3385
4521
16010
7757
11502
13322
12173
11512
7536
2072
4426
559
12839
514
7165
5859
15170
8228
10201
2212
3488
15179
1091
15339
9178
2963
12587
6161
12908
5102
9350
7904
10498
1602
9703
452
15071
4654
10812
13983
10345
12393
14756
11831
9168
7368
2413
11852
2780
4315
5163
12618
4053
12595
6645
3480
2958
16195
4793
1676
4747
481
15552
2300
1874
13928
4412
13682
973
15483
2317
14844
5084
3689
15251
7582
6906
14377
429
16229
7942
7937
9936
11033
4657
3015
4675
1423
5639
2499
12919
12953
4502
3120
5251
13979
5307
11359
12734
13755
8844
12919
7541
4788
7392
15067
7372
3913
11002
10792
4785
12370
5460
474
2555
1908
12424
1931
1954
9330
4441
4312
12056
4123
9184
9696
8901
4831
8147
3179
10912
10498
13295
11684
2792
9836
8838
10371
5378
11291
10531
714
7277
12598
11610
2730
6625
448
2221
6914
9862
13542
11673
5188
6481
15606
16318
15349
12409
4845
6445
5328
4374
8107
5835
8582
1755
9414
9700
9253
3562
1784
11467
3091
4310
15415
2221
9397
9398
16224
14965
14001
11620
2959
15577
11725
13269
271
7556
13683
6290
13801
4957
7634
11350
5147
11252
15267
6336
1895
2573
5253
9015
7365
3908
2566
13278
5495
10976
5440
10925
4024
10164
1308
11438
1809
13104
4406
13145
3657
14214
13149
2054
1271
760
6582
13713
10933
5694
9085
6669
4595
5141
14951
8862
5222
11235
15016
7034
2844
14727
15245
7674
11309
13374
10950
1754
4112
9903
3139
16016
136
2583
4280
15816
4923
16016
5310
6141
12766
14973
15000
13876
4622
11024
12432
3027
16062
8188
5629
12190
13640
15414
4322
8914
14371
1510
1588
12378
6448
3948
1720
11822
7601
5005
8839
2764
15832
16060
13616
12494
8697
16260
7289
10922
8028
6163
11203
4233
5809
2787
3592
10815
13856
7298
10370
3945
252
1153
12265
12196
7957
1914
601
3305
5544
5178
14287
4614
11252
7693
15183
3895
7530
3624
7844
1764
7040
1585
15044
5236
291
3563
3790
5967
14792
9726
12209
11250
15902
6627
14955
7466
10339
2797
6891
6003
592
3698
6548
2154
3761
6425
351
13421
12438
4413
4253
11349
12832
639
1623
11594
3321
3177
15954
5316
13924
1599
11699
12961
4333
12768
12860
9058
1469
14298
1584
15488
10125
1675
2777
13548
8501
3699
15269
5028
4576
13719
15335
3696
6367
15376
4416
8892
13079
11185
15514
4752
11288
3287
972
4011
1228
14924
7648
16062
4553
3667
5102
7365
13124
727
2212
12416
10402
16047
14435
4623
8621
10761
9223
12971
3936
1015
14403
11904
5728
4887
9128
4777
9480
11100
11585
8516
3871
8954
15836
15796
12585
12398
11752
2805
15704
2988
2550
9754
13341
3169
8159
1762
10848
8040
1665
12408
8008
3403
12837
15434
952
11247
1920
10497
13655
13665
16213
14239
3915
7615
3252
183
4738
8767
6114
3013
1965
11100
16342
4782
7370
15390
13403
15186
8285
2184
6872
12621
7228
11549
4009
10701
12803
8588
13863
15246
15147
8315
10572
5361
3763
7791
16108
14906
11896
2520
12192
5609
15912
11835
5446
1328
1486
13433
4637
10898
8713
6717
4753
12445
9182
6787
15250
1726
551
8515
14241
578
7847
1085
13418
11629
187
6878
775
11955
1968
12111
11495
4628
13996
8863
12107
7828
7242
15879
12136
471
14279
2907
6447
15323
7635
11920
15014
5328
16133
6760
3570
1811
4590
6715
1011
10056
712
2783
394
13461
10956
15544
8569
6906
12574
6362
11496
4558
5989
858
7297
8277
5116
5301
5175
12925
15295
9304
11177
1976
7555
15951
13597
9715
4389
15881
5419
6837
7230
10311
7416
13395
11889
15909
14620
15696
5985
9025
10018
9170
14402
4360
938
5951
4875
12576
9005
1526
14662
6384
1885
1321
15492
75
8999
3288
8816
11580
16214
4585
15999
12010
12758
10339
13122
8620
14739
14282
15705
5672
12541
11156
2565
5541
10537
10698
15192
7536
8085
14778
7179
2923
8327
9432
9453
5554
2067
15285
5620
1894
13241
2327
1266
7324
5800
7480
9189
14176
674
15131
8427
2019
6012
4616
8657
8643
11072
3369
15688
6265
7410
9021
13236
7389
9196
12409
2465
13782
3559
1150
1491
3614
15767
11892
13560
12593
7154
12614
13565
12629
3597
10744
10746
4293
8612
4643
7884
10232
565
10384
13118
8974
10441
10739
6628
4187
6223
9150
1924
6667
6308
2854
5682
9461
564
8756
15863
11900
3127
5377
9517
9120
12185
6420
10859
2851
4217
14551
10776
15575
75
5429
8607
5
2717
1872
12862
2808
7796
11358
9595
15783
1617
1443
13620
4481
212
13962
14674
6226
11260
2781
15643
1108
5384
3875
7713
4945
7934
9497
14043
5876
4550
7753
14030
13360
1011
1735
10855
5064
12575
10763
5225
7676
12016
15336
6911
15189
4795
12202
10862
13447
14788
10062
3945
11141
1568
1243
11009
1955
568
2014
567
3812
15595
259
2863
1636
4175
1486
14852
5087
9492
11897
12083
14944
9350
2025
2486
11269
11054
969
16046
2799
11796
4296
14524
4936
9380
9454
8430
2157
10538
9240
4945
7994
8700
11412
8487
16244
9524
13272
8887
5714
10519
15709
15036
5156
13078
5530
3452
3878
5999
6939
3447
9566
15216
16319
8120
6063
11352
3088
14796
14338
15578
3772
15181
9354
15167
563
9498
10806
12839
4697
12325
2099
1517
3179
9705
11935
8357
8943
15479
12874
16068
4051
6188
4007
3675
16039
13570
14032
13056
2294
6528
15031
8266
11967
5455
7529
7415
5394
11626
4988
8364
13510
14322
14489
7769
854
2461
3876
11575
16348
14025
1288
8816
11813
2609
6047
3418
10740
13115
4287
10336
7251
3565
14048
12414
15635
1659
10857
13672
10853
14973
2587
5190
145
6594
6293
12063
15315
10428
15622
4816
3669
9879
6385
7607
13383
14571
3354
6385
12314
7946
10126
5693
14556
3831
5328
1148
1198
15860
3616
3286
14689
14007
7910
10874
11567
16185
15165
3843
405
12331
410
1395
590
6
8603
9693
4714
9149
491
2979
4493
1810
8019
8281
836
16003
16093
11589
8834
13536
11554
1413
11065
13947
9395
15052
1044
7163
5540
11977
4689
14029
10292
13092
8635
312
13465
2598
10948
13324
2536
14837
8385
1015
15905
1146
4672
10357
8537
13792
1413
11874
3585
7097
6946
14381
12372
5823
8372
11691
16094
6453
7610
15750
15911
1001
1168
12882
2431
13271
4489
15675
15075
12907
555
14428
11277
6755
11908
687
10905
9039
11946
14237
6483
9655
5712
9266
6302
2520
12419
15343
12288
13068
1413
12091
4809
6596
5313
9592
14817
9778
3308
15534
11441
15752
11325
4327
13098
5080
4803
11543
2801
13463
12516
10166
6571
5058
7158
3309
13925
6555
13046
6249
1053
15120
7525
8400
14188
4282
3650
14029
340
15997
5410
6602
14630
7633
10092
1082
16268
15517
11185
12689
13493
8892
12585
8146
15262
12318
7496
11971
9341
1419
14719
7871
14409
2567
11023
4392
16229
16078
16135
3191
15723
13307
5215
9714
15381
4042
3629
4859
8007
14966
6148
1024
7224
8385
9836
2835
3519
7951
15739
12310
16313
1837
10131
13459
11160
4788
9782
10535
8
13317
1796
5785
11707
6128
9941
7307
4948
2550
3314
1996
623
3368
10349
584
14287
7083
6560
7838
162
7897
4547
8525
9967
4613
12967
2442
7967
8667
14479
15281
4264
14947
6190
3926
13270
5537
6843
8952
7861
15578
8752
14162
15129
3702
8098
13390
16334
14973
9659
6551
9947
1984
8531
15562
15089
5014
8749
5960
13809
7744
15822
1451
2715
5611
13943
15060
4946
12880
12355
2206
13
4858
7772
49
15704
12836
12887
3061
11913
7740
14256
1314
13567
3081
9568
9969
7827
13157
3994
8561
13602
2216
933
11769
2355
1186
14292
10037
12738
3395
6561
1759
6959
12505
9192
2829
8001
1526
1855
9506
83
8684
3699
13411
416
14326
2333
11814
13995
4854
9827
13737
967
15317
2507
1405
10693
16012
1082
11422
5819
8124
15114
290
5617
13564
10058
2698
6374
12720
14095
1464
13185
6801
15096
1149
1365
12749
10687
2766
10763
3532
9210
11156
10995
11405
498
1822
2980
13740
5531
11572
11216
15617
10930
1224
6181
14311
12020
15180
1117
14102
3194
7579
2151
5934
8242
7318
6831
14801
5753
8013
8584
14700
6101
9430
5562
10643
4047
6077
4134
5639
14316
5401
15509
4693
12492
2360
2976
3101
4956
9206
7610
12781
1077
1712
345
8391
13079
11728
15940
10822
4224
14341
2038
9562
9062
3346
4400
7083
2325
1600
6813
1440
2338
6770
13982
9981
1932
12243
7222
15907
16116
5422
783
6135
3315
1242
8875
14946
15002
13137
3751
14193
2823
2909
2601
6937
14883
6638
3178
1433
13688
2955
4190
9341
14639
15714
10624
7227
6952
1023
14266
5244
11826
10646
13426
14586
1897
1534
12976
8449
4015
12859
3180
12180
11075
14774
5876
7726
8575
2828
6267
1058
3757
2688
6333
3232
2569
2063
1742
11605
2513
15135
3586
4014
12168
1492
5110
16057
1611
8703
14781
2985
7498
14771
6695
15093
2152
3446
7981
11292
12525
10770
10359
3592
104
4102
7437
4621
4002
3740
8732
12173
9149
13464
4320
10810
9068
6282
9648
11512
3660
6849
550
11101
8287
8925
15469
7127
11177
15105
5542
15464
4579
2722
4466
13329
10332
4862
2212
713
12272
12077
12542
4649
11040
14797
13353
6311
15441
6749
4018
8571
5664
7209
6207
11042
10210
4318
6609
11901
4154
8377
12083
150
16340
2657
2689
8448
5694
13390
2260
9944
8933
4581
2825
7788
5165
15907
11696
2423
16042
3569
6674
5127
1660
15386
2652
12284
5319
12503
15080
10542
9040
1797
8874
9258
2099
4339
11447
6553
3009
16090
3314
62
12919
10473
10704
14234
1305
7932
13643
9519
237
16362
12003
5726
14868
14969
10448
6382
6659
14831
2628
7211
1055
8262
10461
3239
2678
4092
13097
15520
15514
10117
1617
2814
15001
12382
10471
6904
5655
9151
1228
3666
11149
1772
6714
5190
15771
297
1520
16125
15496
11593
5243
12729
986
2274
15521
6546
14352
800
15081
729
3708
3379
10311
15645
10558
11878
1507
8136
4444
15822
6152
8550
14590
923
2602
4994
4037
9231
13840
13613
4939
5641
2081
11805
9653
1853
6858
9326
5237
12291
781
16137
6428
14537
10278
1694
15964
13094
8279
14160
13084
2189
11475
13548
13748
8347
3783
13270
8519
8461
3971
2177
1856
2386
13768
12185
7910
3002
556
192
13593
9800
11432
7666
9774
7466
15683
4487
3046
6338
14807
11474
10634
2400
768
6507
34
4751
6693
12038
5333
8202
10911
16382
4955
9802
4102
11891
5790
12477
13211
15372
368
16277
15055
9818
12645
5946
8434
473
13776
862
13815
9620
5338
12204
7269
6501
2238
6173
89
6358
16162
13031
8630
7336
1169
5651
11118
15598
9747
15019
12778
7638
13037
8076
4757
14596
10357
11742
3718
13723
12813
8478
6732
8410
1857
5333
15572
14687
4603
14823
14198
7947
9955
5515
4381
6530
14804
3027
16020
1870
6265
6119
494
10145
5382
13267
15118
4276
11027
4601
853
1231
2195
10790
3689
14310
1266
15421
10786
14300
12365
2707
6032
2408
1227
11735
5928
11153
9241
1196
8717
5080
11011
8405
10875
5361
1326
13324
7502
558
2802
7792
16049
378
4949
8345
7138
7677
1058
4938
11299
3425
2600
9923
6843
14768
911
2993
5162
473
1621
1987
4204
718
3302
6106
13412
6988
13017
8668
1130
15415
3016
6182
495
14239
15943
4253
11852
8292
11525
12640
3242
11378
6144
13596
7436
11177
16354
10492
10873
1373
13690
9788
9797
3702
8021
10585
10879
10804
8059
2279
7541
1937
9030
11776
4195
11587
1885
4180
4922
9821
6606
6114
6028
402
9289
9794
7318
13591
2169
10653
15975
6434
6270
15163
8749
2835
13701
11191
6558
11054
7816
16081
14211
1794
14626
14561
12128
8810
16011
16356
14912
12590
5810
12852
6814
13126
2935
13529
14701
1468
7688
7031
13897
6700
10323
11236
9398
9961
5290
8023
4246
445
5493
9022
936
14157
10000
15277
9787
4376
1477
2415
13554
7194
8676
5563
9649
8722
15359
9605
13734
10077
13122
13935
14962
8062
12271
10074
12406
10812
13303
11934
8251
2918
15284
8146
5369
12086
14531
9033
15944
11600
4351
8474
14053
7270
11161
474
2716
10362
13907
1770
13652
15807
11483
7272
13624
14877
3140
9923
10753
14160
15520
11758
7008
8109
6842
10289
8329
8065
11248
1688
731
9494
9773
1289
5548
340
5636
8182
7473
6913
3304
12716
16011
1701
8584
6470
4845
13580
11336
11586
6121
2666
2522
7086
5850
4117
3579
14847
15724
4850
12362
9854
328
8304
7491
15712
2267
13353
13657
882
13126
2091
9266
2158
14688
6611
6652
8942
486
5457
4333
2042
8900
14796
10457
8256
10621
10275
747
7391
9399
11854
10118
11744
2274
352
8245
7235
10759
14378
4046
10675
9389
14462
12965
14294
12261
10509
4332
6467
12919
6638
3369
3600
5413
13756
6352
3592
11293
11611
14591
8823
12669
12376
9559
12706
11006
9194
10999
15830
13507
10906
7573
14875
2874
11900
182
13958
3632
23
13068
1577
5875
15335
1519
8361
7073
2173
2803
8554
14734
8000
425
9833
8402
12755
12146
12454
15088
7700
2941
2109
1699
701
2274
1553
707
9897
10455
1315
8789
1205
7951
7557
9136
11841
12850
10983
1227
5715
8823
203
11939
14167
94
3674
4554
9605
15754
5075
3596
16352
8636
11163
7995
4567
11754
2294
10522
6026
6013
11858
7270
13996
9642
15675
3840
7680
6888
8687
311
7554
13456
15502
10802
10532
10899
2542
1402
6193
14676
11786
15270
4947
8102
8726
8224
812
6880
10288
7700
12707
2845
1717
3705
12223
2448
11565
4408
12840
6916
1253
9081
13902
2161
3864
3341
8746
1978
4809
7925
12444
16004
15409
7441
7280
2352
12240
3301
7169
4089
13091
901
8056
5161
11505
11425
9137
16246
8002
9388
3004
8058
7405
8230
4860
5967
7372
14856
2542
12616
11407
9039
12168
6861
9516
3490
6460
13390
8943
2846
15256
16233
9010
15681
1420
5398
2474
3314
8264
11791
12123
1455
1473
10045
15659
3536
16335
3165
13327
5625
500
4786
9444
14749
12219
3555
14813
10925
442
2293
5013
8799
6967
3427
7105
12571
612
601
3972
10113
3400
11792
9054
12950
13626
835
706
9486
8970
1232
3396
1970
9663
10602
4972
10994
9719
2427
13611
4998
2032
279
9191
15421
3617
4123
10805
1768
11908
8804
15138
5729
11379
2604
11055
11189
10540
5759
5336
113
15603
4059
2767
14344
2772
1254
6603
8802
8450
12617
15351
10624
6112
10410
9
9291
410
4038
1521
10364
7279
3501
4906
5542
6542
16152
8368
13152
10907
5605
9359
7311
10189
11955
14613
4559
182
1688
9125
11521
2463
6912
7463
4080
6030
7584
